78106, 
8976, 
28114, 
36182, 
1704, 
88283, 
6314, 
743, 
4720, 
1794, 
4843, 
8884, 
14114, 
42461, 
30147, 
62, 
1864, 
68549, 
16662, 
3019, 
2036, 
1669, 
6044, 
24821, 
19859, 
14787, 
11864, 
6737, 
21936, 
3386, 
88946, 
11223, 
5849, 
58908, 
14272, 
22247, 
3911, 
12337, 
1462, 
6229, 
8299, 
11713, 
43212, 
316, 
15038, 
20801, 
39957, 
9840, 
12849, 
3380, 
18492, 
26928, 
7843, 
7618, 
27095, 
2438, 
35389, 
952, 
9395, 
10128, 
28702, 
3208, 
9507, 
40001, 
22349, 
30168, 
23516, 
9170, 
13536, 
3474, 
29862, 
24342, 
39702, 
3903, 
19061, 
14110, 
38143, 
19310, 
32110, 
20961, 
9908, 
49898, 
23642, 
20318, 
84896, 
910, 
10006, 
28344, 
25609, 
10245, 
35594, 
21467, 
39646, 
1658, 
17514, 
366, 
18923, 
22048, 
42852, 
71494, 
