27772, 
18410, 
33788, 
56591, 
45053, 
87765, 
65232, 
28644, 
59995, 
20752, 
18445, 
29000, 
38486, 
33187, 
25927, 
46814, 
20085, 
101051, 
37577, 
26131, 
108856, 
86411, 
33059, 
86302, 
56036, 
46499, 
19280, 
31337, 
25817, 
43367, 
132840, 
52575, 
20739, 
35427, 
48731, 
64623, 
36006, 
97296, 
17720, 
24641, 
32958, 
30480, 
61006, 
44505, 
58182, 
47352, 
107565, 
57177, 
62070, 
40083, 
76788, 
126919, 
29863, 
57178, 
23524, 
32118, 
18264, 
45745, 
154059, 
22113, 
28778, 
19080, 
31525, 
39629, 
94012, 
41988, 
42246, 
57693, 
30172, 
60440, 
83822, 
55599, 
53941, 
40007, 
56430, 
48768, 
60107, 
15184, 
50001, 
29162, 
110226, 
37890, 
131146, 
35577, 
64170, 
60451, 
46623, 
24533, 
18844, 
23164, 
46179, 
43030, 
32827, 
30475, 
20162, 
75555, 
170215, 
32880, 
38654, 
31648, 
32325, 
29822, 
87062, 
46915, 
24579, 
51893, 
65903, 
126282, 
46712, 
61431, 
18822, 
43100, 
40685, 
38835, 
101347, 
87230, 
39786, 
44373, 
26123, 
65317, 
23431, 
53879, 
101575, 
22689, 
25223, 
45048, 
57209, 
66967, 
79163, 
32930, 
30436, 
121927, 
25603, 
26614, 
50078, 
43912, 
89634, 
47608, 
166465, 
116102, 
33265, 
123111, 
59534, 
136332, 
23332, 
50937, 
53297, 
65987, 
68676, 
31658, 
47060, 
32757, 
41999, 
97026, 
62210, 
61742, 
39729, 
22455, 
68845, 
102215, 
22036, 
55122, 
80449, 
21081, 
48925, 
67211, 
51879, 
49719, 
26989, 
83337, 
60870, 
53090, 
20250, 
61645, 
20425, 
25548, 
36382, 
156696, 
30783, 
44825, 
49680, 
38060, 
95332, 
120681, 
65400, 
44839, 
19858, 
61917, 
57456, 
51608, 
73037, 
38322, 
74068, 
32785, 
26083, 
39952, 
46787, 
35060, 
52929, 
24369, 
74331, 
51304, 
26026, 
11407, 
41739, 
59382, 
34574, 
21421, 
20971, 
58054, 
40253, 
38015, 
35913, 
66819, 
45683, 
86426, 
