179, 
201, 
366, 
105, 
127, 
187, 
285, 
304, 
404, 
135, 
198, 
207, 
187, 
390, 
176, 
240, 
189, 
211, 
172, 
193, 
208, 
180, 
473, 
162, 
154, 
252, 
217, 
215, 
136, 
350, 
105, 
142, 
182, 
266, 
131, 
223, 
203, 
100, 
164, 
208, 
164, 
398, 
227, 
482, 
434, 
168, 
125, 
335, 
114, 
106, 
195, 
179, 
94, 
222, 
186, 
473, 
149, 
114, 
271, 
201, 
132, 
227, 
109, 
177, 
311, 
237, 
151, 
276, 
213, 
174, 
170, 
256, 
108, 
208, 
260, 
225, 
219, 
113, 
168, 
371, 
130, 
146, 
219, 
119, 
166, 
132, 
174, 
155, 
151, 
140, 
109, 
93, 
150, 
184, 
214, 
144, 
308, 
188, 
225, 
491, 
