685, 
1308, 
289, 
1133, 
1560, 
829, 
1564, 
264, 
685, 
595, 
1415, 
1394, 
573, 
560, 
416, 
208, 
979, 
540, 
429, 
361, 
1778, 
278, 
436, 
1162, 
1100, 
1607, 
926, 
704, 
514, 
1004, 
851, 
548, 
1484, 
1103, 
235, 
918, 
2250, 
665, 
264, 
494, 
494, 
772, 
479, 
303, 
479, 
1181, 
598, 
1035, 
543, 
718, 
636, 
572, 
1155, 
542, 
605, 
461, 
562, 
623, 
424, 
1334, 
803, 
1266, 
1414, 
802, 
302, 
476, 
594, 
527, 
650, 
855, 
231, 
458, 
370, 
1879, 
644, 
1705, 
630, 
299, 
1133, 
1032, 
318, 
582, 
935, 
1110, 
633, 
521, 
806, 
214, 
615, 
287, 
2650, 
415, 
1413, 
1249, 
1025, 
390, 
1181, 
355, 
875, 
348, 
