1903, 
2621, 
1868, 
4098, 
2337, 
3109, 
2544, 
1190, 
6100, 
3127, 
1081, 
4757, 
937, 
3397, 
1728, 
3441, 
4614, 
2692, 
3368, 
2720, 
2243, 
2333, 
3020, 
2810, 
3138, 
4875, 
4695, 
2240, 
4098, 
2267, 
2315, 
1500, 
1860, 
3117, 
2288, 
3008, 
1409, 
2710, 
5688, 
4625, 
1662, 
3686, 
4930, 
2672, 
1319, 
4115, 
4562, 
3201, 
4102, 
5284, 
2786, 
2132, 
3188, 
1393, 
2014, 
1110, 
2568, 
2649, 
1720, 
2328, 
2222, 
2872, 
3004, 
3125, 
2571, 
4371, 
7641, 
902, 
2524, 
2778, 
2154, 
5283, 
2567, 
1406, 
1851, 
2125, 
1889, 
5134, 
1533, 
693, 
2561, 
6187, 
2503, 
3111, 
1382, 
1314, 
4007, 
5608, 
2658, 
2020, 
2726, 
4123, 
3252, 
5488, 
1942, 
1453, 
1154, 
2774, 
5897, 
1730, 
