157, 
52, 
358, 
150, 
144, 
78, 
60, 
143, 
112, 
131, 
229, 
78, 
158, 
299, 
213, 
263, 
48, 
194, 
264, 
66, 
146, 
182, 
51, 
71, 
177, 
803, 
214, 
258, 
217, 
309, 
185, 
108, 
723, 
550, 
123, 
379, 
143, 
448, 
143, 
89, 
369, 
43, 
251, 
306, 
101, 
215, 
298, 
185, 
203, 
78, 
283, 
127, 
60, 
212, 
23, 
44, 
219, 
175, 
41, 
107, 
109, 
33, 
206, 
289, 
36, 
61, 
146, 
370, 
138, 
60, 
174, 
208, 
348, 
37, 
116, 
101, 
33, 
226, 
157, 
282, 
63, 
292, 
114, 
281, 
159, 
105, 
248, 
60, 
103, 
253, 
197, 
202, 
179, 
390, 
430, 
120, 
53, 
46, 
41, 
176, 
