4336, 
3991, 
1806, 
3619, 
5983, 
2464, 
3070, 
2597, 
5265, 
2380, 
3946, 
2165, 
1479, 
2658, 
4001, 
1812, 
3693, 
3436, 
4013, 
1617, 
1749, 
2532, 
2610, 
2086, 
3255, 
2768, 
2107, 
4070, 
1841, 
2384, 
6169, 
2814, 
1734, 
2342, 
3317, 
2600, 
4468, 
4039, 
4152, 
3490, 
3909, 
1642, 
11455, 
3195, 
3801, 
6163, 
5644, 
6773, 
1831, 
2326, 
2177, 
1843, 
5002, 
5105, 
3893, 
3642, 
4476, 
2187, 
3563, 
2042, 
3816, 
3201, 
3041, 
1343, 
4997, 
4737, 
5949, 
2384, 
4262, 
5307, 
3452, 
5786, 
1651, 
2645, 
2170, 
2405, 
5007, 
2625, 
7292, 
3142, 
3669, 
2400, 
1860, 
3403, 
5802, 
1915, 
4783, 
2150, 
5813, 
1710, 
2995, 
3409, 
2838, 
4894, 
2049, 
3058, 
1831, 
10484, 
4136, 
2457, 
6008, 
2611, 
1965, 
2506, 
2147, 
3776, 
3022, 
2628, 
3231, 
2572, 
4043, 
2804, 
3687, 
1854, 
5375, 
2706, 
1697, 
4308, 
4307, 
4046, 
2289, 
3428, 
5835, 
2482, 
5022, 
6352, 
5466, 
1887, 
4172, 
2064, 
3687, 
3222, 
1966, 
2124, 
4535, 
1840, 
5492, 
3652, 
3468, 
2551, 
4092, 
2931, 
2767, 
4569, 
2615, 
2825, 
2402, 
2614, 
2187, 
4934, 
5884, 
1624, 
4157, 
3019, 
3198, 
6377, 
9572, 
6127, 
2514, 
3158, 
3897, 
3773, 
3536, 
1552, 
1991, 
4460, 
2276, 
2318, 
3326, 
3096, 
3880, 
10161, 
6963, 
4270, 
2340, 
2526, 
2594, 
2752, 
2635, 
4219, 
1778, 
2377, 
3073, 
2620, 
2945, 
1881, 
3983, 
3367, 
4495, 
6608, 
2530, 
3279, 
2863, 
3067, 
1955, 
5007, 
3892, 
3693, 
3577, 
3067, 
1859, 
2386, 
2271, 
6802, 
1943, 
3615, 
2086, 
5117, 
1555, 
4879, 
3912, 
3540, 
1899, 
3961, 
3622, 
5598, 
3510, 
2182, 
5525, 
4154, 
1973, 
4772, 
2044, 
2935, 
2522, 
2706, 
7052, 
1580, 
2364, 
2618, 
1916, 
2917, 
2656, 
2881, 
5030, 
2700, 
5214, 
2772, 
2089, 
2240, 
2860, 
4640, 
2527, 
1398, 
4534, 
2193, 
2701, 
3248, 
4598, 
2544, 
4402, 
2622, 
4389, 
2800, 
6331, 
2351, 
2423, 
1543, 
3738, 
2887, 
3548, 
3394, 
6580, 
3019, 
1350, 
2455, 
3689, 
2093, 
3622, 
4269, 
1635, 
2120, 
3202, 
4657, 
4702, 
1989, 
7266, 
2139, 
4213, 
3855, 
7144, 
2228, 
2745, 
3185, 
2215, 
4166, 
3679, 
6083, 
3402, 
2287, 
3235, 
3136, 
3096, 
3217, 
3313, 
4017, 
2200, 
3632, 
5042, 
3250, 
