95, 
166, 
1356, 
559, 
208, 
192, 
403, 
281, 
773, 
68, 
517, 
87, 
531, 
49, 
355, 
778, 
508, 
208, 
94, 
161, 
110, 
1770, 
719, 
522, 
2386, 
807, 
99, 
281, 
562, 
709, 
781, 
694, 
1613, 
515, 
47, 
436, 
465, 
605, 
1844, 
2055, 
559, 
153, 
643, 
682, 
320, 
587, 
324, 
510, 
657, 
49, 
1030, 
614, 
117, 
144, 
625, 
244, 
191, 
311, 
337, 
272, 
79, 
633, 
153, 
133, 
87, 
465, 
698, 
238, 
1136, 
165, 
1280, 
385, 
129, 
394, 
178, 
671, 
989, 
144, 
32, 
616, 
651, 
131, 
516, 
726, 
674, 
569, 
463, 
486, 
92, 
219, 
194, 
128, 
636, 
128, 
176, 
624, 
232, 
989, 
92, 
244, 
