2990, 
1131, 
1477, 
1836, 
3225, 
1729, 
1665, 
797, 
1529, 
1669, 
204, 
1542, 
2308, 
1758, 
4310, 
2934, 
929, 
1216, 
1597, 
3362, 
881, 
821, 
970, 
2146, 
1503, 
2807, 
2127, 
690, 
2012, 
917, 
2109, 
1230, 
1566, 
1903, 
1031, 
1554, 
390, 
1441, 
861, 
1649, 
1221, 
1180, 
1209, 
2700, 
1032, 
1941, 
1434, 
3475, 
1296, 
1304, 
1823, 
4399, 
1769, 
2500, 
2317, 
1719, 
1503, 
328, 
2277, 
773, 
2233, 
1944, 
1304, 
1684, 
2224, 
588, 
3351, 
816, 
3183, 
1491, 
2150, 
1948, 
733, 
558, 
1517, 
2754, 
1720, 
1899, 
1010, 
4623, 
394, 
761, 
616, 
632, 
1338, 
2901, 
885, 
2769, 
1098, 
1448, 
1649, 
1483, 
761, 
283, 
1521, 
1108, 
1553, 
1610, 
754, 
2875, 
