13410, 
4762, 
971, 
6036, 
7136, 
15469, 
13565, 
33356, 
1506, 
14810, 
3454, 
2196, 
2974, 
9075, 
1386, 
2410, 
4862, 
10673, 
7168, 
10793, 
18018, 
19756, 
2179, 
14403, 
4367, 
2928, 
7934, 
3775, 
1109, 
2470, 
2949, 
1246, 
7802, 
3316, 
3087, 
4432, 
5868, 
1548, 
25617, 
4190, 
2494, 
23697, 
7525, 
1320, 
3558, 
5690, 
6121, 
18795, 
10757, 
9992, 
3315, 
1860, 
2670, 
1155, 
8653, 
4698, 
5855, 
8118, 
1270, 
6150, 
3222, 
6290, 
3727, 
7169, 
2576, 
14794, 
1553, 
6172, 
9492, 
2660, 
4871, 
2044, 
4275, 
2135, 
10332, 
7131, 
11430, 
6158, 
6725, 
1609, 
2663, 
6164, 
4493, 
19143, 
4579, 
8683, 
1735, 
20224, 
1910, 
2087, 
1143, 
1571, 
11819, 
7735, 
4801, 
24988, 
2387, 
2153, 
4585, 
7278, 
