272, 
125, 
298, 
194, 
166, 
203, 
321, 
161, 
196, 
165, 
310, 
109, 
126, 
258, 
204, 
226, 
333, 
286, 
140, 
161, 
270, 
198, 
260, 
93, 
108, 
271, 
220, 
253, 
171, 
124, 
229, 
122, 
104, 
315, 
181, 
177, 
118, 
109, 
180, 
330, 
270, 
130, 
332, 
98, 
150, 
424, 
145, 
237, 
118, 
137, 
189, 
232, 
306, 
287, 
181, 
399, 
150, 
253, 
168, 
207, 
201, 
218, 
134, 
197, 
109, 
138, 
224, 
170, 
191, 
291, 
96, 
126, 
117, 
222, 
132, 
262, 
363, 
212, 
119, 
53, 
154, 
229, 
142, 
94, 
149, 
201, 
150, 
206, 
141, 
107, 
243, 
261, 
208, 
283, 
202, 
116, 
133, 
143, 
132, 
299, 
