17539, 
8257, 
9899, 
9697, 
19055, 
23222, 
25574, 
52117, 
7948, 
16848, 
19406, 
27516, 
39819, 
15066, 
39616, 
38535, 
45344, 
130171, 
21981, 
42532, 
44309, 
25882, 
106593, 
61226, 
14544, 
26677, 
27900, 
43328, 
12965, 
61551, 
35197, 
20534, 
39927, 
80097, 
23476, 
33886, 
51316, 
12080, 
16928, 
26973, 
21924, 
41306, 
86399, 
8179, 
8186, 
40171, 
34714, 
45076, 
43332, 
26598, 
84361, 
8090, 
13162, 
19607, 
12340, 
56893, 
79790, 
33417, 
26417, 
19296, 
13374, 
21643, 
24796, 
62941, 
12608, 
44051, 
20924, 
48255, 
32361, 
36642, 
28650, 
49057, 
92207, 
23326, 
18540, 
25554, 
12033, 
28569, 
49970, 
11578, 
6929, 
9734, 
18018, 
3641, 
70030, 
54418, 
82230, 
31125, 
7095, 
85445, 
88562, 
4147, 
71560, 
8924, 
18137, 
9649, 
49468, 
24902, 
77289, 
13644, 
