1109, 
830, 
1426, 
1283, 
1760, 
1769, 
1156, 
802, 
1593, 
2106, 
1848, 
1370, 
1115, 
1307, 
1711, 
1076, 
786, 
906, 
2273, 
817, 
2515, 
837, 
1284, 
1242, 
1179, 
1014, 
1313, 
848, 
1711, 
1065, 
1176, 
781, 
1132, 
899, 
1097, 
684, 
2147, 
1293, 
984, 
1467, 
1422, 
1141, 
692, 
846, 
1925, 
878, 
771, 
1040, 
1431, 
995, 
2062, 
1950, 
1225, 
1533, 
2267, 
863, 
1316, 
1978, 
1238, 
1111, 
1500, 
766, 
1151, 
1321, 
1791, 
1105, 
1041, 
837, 
2259, 
837, 
822, 
1165, 
1412, 
1069, 
886, 
2455, 
1057, 
1785, 
1144, 
1215, 
1138, 
697, 
1019, 
1674, 
928, 
2446, 
1620, 
1462, 
2035, 
2434, 
1555, 
849, 
1018, 
1100, 
1753, 
862, 
791, 
3074, 
949, 
894, 
642, 
1087, 
631, 
1122, 
933, 
1523, 
1346, 
2371, 
952, 
800, 
1180, 
947, 
1651, 
854, 
1356, 
1187, 
1604, 
766, 
1012, 
1265, 
1736, 
1026, 
700, 
900, 
1162, 
2000, 
1581, 
1495, 
1119, 
1102, 
834, 
1100, 
1414, 
1408, 
965, 
1061, 
1001, 
898, 
1360, 
1125, 
1181, 
970, 
817, 
861, 
1331, 
1456, 
1231, 
1272, 
1273, 
949, 
1702, 
889, 
1332, 
2404, 
1138, 
755, 
1436, 
1463, 
834, 
3240, 
1243, 
1391, 
1089, 
1294, 
965, 
2655, 
946, 
984, 
1490, 
994, 
852, 
978, 
1759, 
911, 
824, 
992, 
2129, 
1856, 
2044, 
964, 
1515, 
980, 
631, 
959, 
635, 
1561, 
1867, 
1424, 
847, 
881, 
1014, 
2063, 
1261, 
1240, 
1363, 
1793, 
1362, 
989, 
703, 
1113, 
883, 
811, 
1225, 
1102, 
907, 
1863, 
1471, 
1062, 
1149, 
1405, 
1563, 
1032, 
727, 
1042, 
1731, 
771, 
907, 
824, 
1199, 
887, 
1226, 
2789, 
1010, 
1491, 
1442, 
2560, 
2135, 
1317, 
953, 
966, 
1358, 
1479, 
1498, 
1329, 
871, 
1065, 
1142, 
1221, 
1059, 
1259, 
1060, 
1188, 
1264, 
700, 
2105, 
1012, 
1330, 
697, 
477, 
777, 
849, 
1240, 
1422, 
1354, 
919, 
786, 
1327, 
1092, 
957, 
1749, 
1714, 
792, 
2927, 
1046, 
604, 
1489, 
1197, 
688, 
1166, 
1376, 
1482, 
1408, 
941, 
1244, 
716, 
1164, 
1072, 
744, 
1455, 
1337, 
1172, 
886, 
798, 
1215, 
1262, 
1195, 
571, 
1227, 
1697, 
996, 
1331, 
2092, 
968, 
1761, 
779, 
616, 
3149, 
1376, 
1103, 
887, 
