1259, 
3652, 
3663, 
2259, 
3675, 
1423, 
2159, 
1446, 
1269, 
3557, 
762, 
1640, 
3563, 
898, 
2265, 
1028, 
2342, 
566, 
918, 
2980, 
1188, 
2175, 
2017, 
2181, 
5487, 
2676, 
3189, 
2394, 
765, 
1581, 
1823, 
1662, 
3313, 
2000, 
1437, 
2521, 
805, 
1704, 
2368, 
1657, 
3304, 
995, 
2363, 
2179, 
1720, 
3781, 
2584, 
2618, 
4049, 
2051, 
2530, 
4513, 
1780, 
4667, 
4147, 
2374, 
1220, 
4074, 
1150, 
534, 
2159, 
746, 
2772, 
2101, 
1212, 
867, 
1619, 
1038, 
5964, 
2017, 
2447, 
1158, 
1777, 
3221, 
3137, 
5258, 
1329, 
3573, 
2412, 
1468, 
886, 
3304, 
1566, 
3160, 
4189, 
1569, 
5139, 
4120, 
2249, 
4083, 
3026, 
3665, 
3911, 
906, 
2055, 
2381, 
2790, 
2554, 
1395, 
3488, 
