127, 
520, 
288, 
1034, 
2845, 
1747, 
1331, 
427, 
1674, 
3141, 
177, 
108, 
434, 
484, 
1604, 
174, 
1510, 
1230, 
361, 
735, 
1047, 
102, 
2555, 
520, 
496, 
652, 
1391, 
279, 
254, 
514, 
369, 
621, 
244, 
602, 
651, 
66, 
1445, 
258, 
656, 
1128, 
2123, 
103, 
293, 
353, 
696, 
1030, 
732, 
2148, 
2678, 
177, 
739, 
143, 
1305, 
1204, 
303, 
511, 
302, 
3935, 
958, 
713, 
2675, 
2472, 
390, 
2315, 
2257, 
208, 
287, 
104, 
531, 
771, 
196, 
229, 
2019, 
359, 
613, 
981, 
3249, 
1206, 
123, 
555, 
1031, 
1681, 
1102, 
1741, 
2211, 
564, 
763, 
1520, 
64, 
1042, 
768, 
2975, 
210, 
699, 
636, 
797, 
547, 
193, 
765, 
2355, 
