235, 
144, 
183, 
272, 
203, 
107, 
139, 
92, 
221, 
102, 
119, 
208, 
175, 
194, 
155, 
122, 
184, 
213, 
155, 
202, 
130, 
216, 
349, 
320, 
227, 
118, 
155, 
295, 
93, 
311, 
221, 
96, 
230, 
209, 
109, 
143, 
271, 
109, 
110, 
219, 
93, 
179, 
130, 
128, 
203, 
97, 
148, 
140, 
113, 
153, 
116, 
151, 
269, 
92, 
190, 
165, 
217, 
102, 
133, 
161, 
160, 
152, 
306, 
141, 
259, 
319, 
122, 
259, 
166, 
310, 
72, 
236, 
106, 
71, 
419, 
139, 
210, 
257, 
128, 
139, 
208, 
134, 
301, 
120, 
139, 
179, 
98, 
234, 
93, 
200, 
178, 
161, 
143, 
125, 
98, 
90, 
148, 
184, 
265, 
123, 
