3392, 
2068, 
1286, 
1033, 
4328, 
1924, 
1972, 
3159, 
1572, 
4409, 
4206, 
2754, 
2486, 
4587, 
1675, 
1995, 
1849, 
1489, 
1901, 
970, 
1271, 
4603, 
1150, 
3530, 
2286, 
6887, 
2113, 
687, 
2191, 
1605, 
1986, 
812, 
1136, 
2529, 
2699, 
1919, 
694, 
2710, 
3410, 
2783, 
3080, 
2109, 
1261, 
1644, 
4726, 
2376, 
1613, 
5975, 
1669, 
1155, 
1486, 
3188, 
6779, 
4259, 
2201, 
1954, 
1545, 
1610, 
1425, 
1335, 
1623, 
3837, 
4436, 
2154, 
2965, 
835, 
1438, 
3413, 
1554, 
6751, 
1226, 
1194, 
8147, 
1667, 
2093, 
2583, 
4948, 
2985, 
3963, 
2523, 
2918, 
819, 
2513, 
1173, 
2162, 
4034, 
2148, 
1500, 
945, 
1914, 
2860, 
2547, 
1121, 
2643, 
1003, 
1826, 
1519, 
937, 
1013, 
2873, 
