195, 
384, 
323, 
223, 
285, 
206, 
219, 
394, 
230, 
183, 
225, 
193, 
302, 
174, 
445, 
403, 
279, 
322, 
262, 
270, 
580, 
546, 
216, 
245, 
293, 
303, 
241, 
266, 
277, 
236, 
216, 
202, 
254, 
415, 
309, 
311, 
240, 
265, 
766, 
206, 
300, 
361, 
287, 
281, 
224, 
225, 
249, 
216, 
201, 
456, 
275, 
248, 
166, 
225, 
189, 
354, 
262, 
615, 
427, 
374, 
277, 
368, 
233, 
288, 
523, 
297, 
364, 
265, 
229, 
381, 
186, 
363, 
366, 
350, 
394, 
279, 
320, 
231, 
297, 
178, 
239, 
265, 
194, 
198, 
193, 
398, 
205, 
215, 
291, 
264, 
308, 
191, 
200, 
251, 
173, 
229, 
256, 
270, 
231, 
195, 
