28096, 
15135, 
23023, 
5899, 
10109, 
8497, 
43321, 
29378, 
39172, 
6558, 
66158, 
19356, 
12659, 
8038, 
7670, 
19187, 
63019, 
8670, 
30558, 
16191, 
3849, 
4477, 
28224, 
4273, 
53365, 
8555, 
7006, 
48923, 
50150, 
9056, 
35649, 
4275, 
14100, 
2489, 
77910, 
4158, 
5259, 
24075, 
2728, 
61142, 
6531, 
44249, 
18178, 
9770, 
8720, 
53524, 
54814, 
17717, 
17662, 
4622, 
30180, 
43121, 
10546, 
7017, 
45181, 
2659, 
2147, 
42842, 
41094, 
79714, 
39566, 
104485, 
20769, 
39982, 
12787, 
3947, 
2956, 
21836, 
29844, 
21319, 
58142, 
2944, 
90126, 
1464, 
53812, 
7474, 
5629, 
61439, 
51097, 
5233, 
16825, 
14396, 
16692, 
2775, 
13213, 
14417, 
11628, 
20824, 
27337, 
12471, 
29022, 
160183, 
13355, 
8806, 
34425, 
21401, 
29811, 
20893, 
6012, 
67547, 
