142382, 
119127, 
78576, 
4443, 
56398, 
19742, 
45224, 
20933, 
77338, 
42868, 
49506, 
4992, 
49662, 
381, 
20604, 
7982, 
27922, 
3981, 
26242, 
230233, 
69127, 
4840, 
70354, 
24174, 
13842, 
74023, 
23125, 
60577, 
20225, 
50550, 
120553, 
16398, 
210551, 
55598, 
37303, 
82569, 
72608, 
149202, 
112361, 
16337, 
17508, 
23161, 
5950, 
125386, 
108856, 
130249, 
59111, 
4090, 
29076, 
540, 
16855, 
67443, 
40331, 
2843, 
13584, 
80931, 
73255, 
1510, 
23438, 
67340, 
19749, 
298398, 
29967, 
24262, 
37562, 
3248, 
13228, 
15877, 
6363, 
45568, 
56948, 
75964, 
115541, 
108427, 
14175, 
37931, 
8580, 
49200, 
146792, 
74529, 
38797, 
29188, 
12527, 
93001, 
7809, 
53259, 
8802, 
46836, 
1786, 
34786, 
53731, 
18675, 
34113, 
25655, 
21445, 
67101, 
42565, 
16690, 
112000, 
35022, 
