36400, 
15205, 
48277, 
55086, 
28513, 
36199, 
40237, 
22692, 
25809, 
120705, 
27817, 
56141, 
106627, 
56183, 
25295, 
25675, 
110103, 
30986, 
47733, 
44106, 
44482, 
24212, 
32930, 
30661, 
31108, 
50696, 
26237, 
17234, 
64616, 
23199, 
82336, 
157020, 
56950, 
86742, 
18788, 
62064, 
16867, 
15000, 
42217, 
72616, 
31118, 
87896, 
60291, 
19962, 
36517, 
45561, 
27540, 
12803, 
32051, 
62906, 
43610, 
48348, 
78294, 
24931, 
57697, 
54990, 
33692, 
42640, 
34886, 
90151, 
53043, 
37633, 
18835, 
42603, 
59276, 
21269, 
45229, 
83737, 
73938, 
107501, 
38179, 
58640, 
80418, 
46331, 
73105, 
32259, 
61887, 
29996, 
28196, 
70536, 
135613, 
23102, 
45789, 
34618, 
81742, 
48733, 
48311, 
24688, 
133156, 
70083, 
38905, 
45723, 
22893, 
33716, 
19647, 
37251, 
51160, 
42987, 
52025, 
68201, 
