8783, 
6079, 
7500, 
9783, 
20407, 
15817, 
7079, 
11498, 
15394, 
12111, 
10108, 
13741, 
10244, 
14346, 
6362, 
13381, 
14046, 
11743, 
11330, 
14677, 
7048, 
12008, 
9275, 
10065, 
14301, 
13776, 
17403, 
10134, 
10658, 
14346, 
6617, 
24815, 
11717, 
24445, 
6909, 
19679, 
9362, 
12133, 
18988, 
9050, 
14660, 
25901, 
13478, 
17873, 
11409, 
16638, 
19105, 
10486, 
12241, 
7595, 
18780, 
28013, 
7191, 
9764, 
43506, 
10433, 
13475, 
29586, 
9867, 
11427, 
22454, 
7644, 
22517, 
13670, 
17393, 
6066, 
7440, 
6624, 
10235, 
9154, 
12551, 
8266, 
6148, 
12572, 
21077, 
17435, 
8589, 
20714, 
11966, 
11949, 
13272, 
6170, 
9654, 
33372, 
14838, 
10762, 
17820, 
17483, 
13375, 
12300, 
7523, 
14767, 
32343, 
31084, 
15536, 
28209, 
19964, 
14465, 
39015, 
25352, 
