794509, 
260948, 
46790, 
264278, 
402682, 
149159, 
303107, 
53046, 
202806, 
387001, 
218083, 
254962, 
235575, 
154584, 
213290, 
125717, 
162948, 
418832, 
242926, 
71214, 
140769, 
261786, 
557816, 
150865, 
769723, 
257650, 
119744, 
333586, 
84766, 
1382234, 
339588, 
207571, 
227516, 
135017, 
234561, 
262525, 
411776, 
378886, 
144759, 
269979, 
356815, 
170611, 
128921, 
397635, 
201216, 
504690, 
66171, 
187024, 
438675, 
270606, 
281868, 
697575, 
361818, 
688305, 
230117, 
105782, 
94928, 
137686, 
183229, 
473949, 
147799, 
111460, 
60742, 
70107, 
357950, 
76913, 
692172, 
133582, 
260986, 
317809, 
210349, 
167821, 
834331, 
218852, 
220601, 
55869, 
183994, 
291331, 
766371, 
205213, 
77917, 
112335, 
183273, 
375395, 
173703, 
118152, 
541482, 
232423, 
395410, 
90920, 
78047, 
164817, 
480301, 
155705, 
80523, 
227268, 
341309, 
299804, 
81216, 
165869, 
