29810, 
23604, 
38657, 
18983, 
49273, 
16947, 
41300, 
24583, 
31707, 
25065, 
93234, 
40442, 
31943, 
124331, 
37943, 
39971, 
58776, 
68918, 
85319, 
43232, 
104587, 
54988, 
62624, 
29197, 
16068, 
77687, 
36841, 
33239, 
84017, 
31691, 
15392, 
83611, 
61884, 
29725, 
32677, 
114807, 
86690, 
80773, 
27445, 
49604, 
31454, 
36216, 
31838, 
39075, 
56855, 
61185, 
103472, 
26614, 
89626, 
107502, 
36692, 
42022, 
30299, 
50788, 
36347, 
47281, 
35886, 
21094, 
14564, 
54432, 
124024, 
23638, 
29021, 
26761, 
120820, 
56403, 
27033, 
26552, 
57414, 
41346, 
60111, 
53945, 
20873, 
27859, 
14255, 
66359, 
52791, 
47706, 
20560, 
40622, 
33076, 
40475, 
74049, 
55006, 
41635, 
23352, 
42842, 
57738, 
78231, 
67015, 
35106, 
56546, 
86470, 
39027, 
31003, 
41362, 
46313, 
23641, 
37269, 
44928, 
