20, 
19, 
17, 
17, 
16, 
14, 
23, 
22, 
25, 
18, 
23, 
16, 
24, 
19, 
14, 
18, 
13, 
16, 
20, 
19, 
19, 
14, 
15, 
19, 
15, 
19, 
21, 
17, 
18, 
18, 
14, 
21, 
20, 
18, 
17, 
31, 
15, 
19, 
19, 
17, 
13, 
18, 
17, 
19, 
16, 
17, 
20, 
16, 
22, 
15, 
15, 
18, 
18, 
18, 
16, 
16, 
18, 
17, 
14, 
22, 
15, 
16, 
14, 
24, 
16, 
16, 
16, 
13, 
17, 
20, 
19, 
20, 
15, 
19, 
24, 
17, 
18, 
17, 
15, 
18, 
15, 
13, 
15, 
15, 
16, 
17, 
21, 
17, 
18, 
18, 
20, 
26, 
16, 
16, 
24, 
17, 
19, 
17, 
14, 
17, 
