308, 
213, 
322, 
303, 
191, 
431, 
389, 
357, 
384, 
244, 
281, 
431, 
291, 
300, 
486, 
230, 
219, 
406, 
258, 
324, 
220, 
243, 
254, 
295, 
326, 
235, 
355, 
210, 
283, 
397, 
225, 
374, 
228, 
344, 
249, 
273, 
250, 
187, 
241, 
222, 
220, 
222, 
319, 
216, 
309, 
391, 
257, 
347, 
280, 
203, 
230, 
272, 
270, 
268, 
377, 
500, 
362, 
266, 
407, 
281, 
281, 
274, 
339, 
329, 
211, 
355, 
208, 
257, 
451, 
218, 
422, 
218, 
186, 
336, 
251, 
243, 
202, 
230, 
225, 
310, 
337, 
205, 
268, 
381, 
206, 
275, 
382, 
328, 
338, 
279, 
271, 
229, 
329, 
349, 
182, 
225, 
230, 
347, 
290, 
293, 
