1168, 
1192, 
2179, 
1584, 
1605, 
1875, 
3103, 
1499, 
1205, 
1202, 
1359, 
2806, 
1155, 
2198, 
1856, 
2766, 
1946, 
1272, 
1056, 
1436, 
2466, 
1674, 
791, 
963, 
2207, 
2622, 
1520, 
1491, 
1778, 
1280, 
4843, 
1362, 
2647, 
1822, 
781, 
2903, 
629, 
1466, 
1771, 
1128, 
1734, 
1525, 
1758, 
1159, 
2098, 
1468, 
3122, 
1418, 
2231, 
1898, 
1862, 
1992, 
1771, 
1191, 
3140, 
1051, 
1958, 
1283, 
3213, 
1089, 
1012, 
1655, 
3623, 
1913, 
1360, 
896, 
913, 
2517, 
786, 
1128, 
1362, 
1499, 
772, 
1444, 
1659, 
866, 
1310, 
1283, 
1217, 
830, 
1985, 
1781, 
1178, 
1382, 
2025, 
3221, 
1723, 
1343, 
1131, 
1773, 
1109, 
2266, 
1584, 
2419, 
1565, 
2125, 
2027, 
1191, 
1189, 
1694, 
