2600, 
1981, 
9557, 
2710, 
1732, 
1310, 
2632, 
3086, 
2363, 
2360, 
3547, 
1017, 
721, 
2254, 
7062, 
1635, 
1022, 
2817, 
1700, 
3624, 
631, 
1488, 
2800, 
842, 
1339, 
2706, 
3454, 
1797, 
2701, 
1084, 
1550, 
2361, 
982, 
885, 
2669, 
2890, 
3643, 
1824, 
5669, 
2259, 
6099, 
931, 
1869, 
1632, 
859, 
847, 
1803, 
749, 
1467, 
1832, 
591, 
3529, 
4799, 
3901, 
3149, 
1557, 
575, 
1328, 
1727, 
6430, 
2390, 
2592, 
3474, 
3312, 
3124, 
4762, 
1526, 
902, 
1302, 
2488, 
2718, 
5382, 
1684, 
6680, 
1790, 
2202, 
4154, 
1690, 
1528, 
2309, 
775, 
5417, 
1412, 
2408, 
5591, 
3115, 
1853, 
3491, 
1994, 
3057, 
1591, 
7174, 
1969, 
3153, 
1047, 
2449, 
969, 
4216, 
4140, 
3493, 
