96961, 
15376, 
18033, 
14527, 
122037, 
14041, 
49411, 
79838, 
94317, 
11961, 
45440, 
11346, 
173135, 
17476, 
9522, 
17124, 
28541, 
28073, 
9804, 
28682, 
17297, 
49086, 
74534, 
14454, 
43882, 
81530, 
74757, 
17783, 
5143, 
38879, 
22562, 
25814, 
36243, 
26191, 
130831, 
71204, 
84848, 
49613, 
33781, 
15325, 
45501, 
15966, 
20028, 
64296, 
6131, 
16261, 
86202, 
33277, 
7956, 
12323, 
17935, 
25025, 
103186, 
49601, 
9024, 
25630, 
60194, 
49635, 
32913, 
48248, 
3485, 
25305, 
23279, 
22090, 
31316, 
29824, 
187209, 
30276, 
101989, 
45313, 
21123, 
70385, 
50226, 
14570, 
25549, 
94140, 
11879, 
6732, 
104940, 
25952, 
26721, 
58001, 
57905, 
31765, 
109700, 
40876, 
22236, 
13334, 
20607, 
11142, 
36832, 
31453, 
51016, 
39052, 
43213, 
19595, 
18569, 
80727, 
84820, 
44987, 
