22, 
20, 
14, 
18, 
16, 
15, 
11, 
12, 
11, 
17, 
14, 
15, 
17, 
22, 
14, 
16, 
13, 
15, 
17, 
23, 
16, 
10, 
15, 
11, 
16, 
13, 
11, 
14, 
15, 
13, 
15, 
16, 
12, 
15, 
14, 
14, 
16, 
12, 
15, 
15, 
14, 
13, 
14, 
16, 
12, 
19, 
15, 
16, 
14, 
14, 
13, 
10, 
14, 
13, 
12, 
17, 
17, 
13, 
17, 
13, 
14, 
18, 
17, 
16, 
15, 
11, 
14, 
16, 
10, 
15, 
22, 
15, 
17, 
12, 
13, 
14, 
14, 
21, 
14, 
16, 
17, 
14, 
18, 
20, 
12, 
14, 
14, 
25, 
16, 
15, 
14, 
14, 
12, 
12, 
15, 
19, 
11, 
15, 
14, 
17, 
