16, 
19, 
26, 
15, 
24, 
17, 
16, 
24, 
19, 
12, 
23, 
17, 
17, 
20, 
14, 
18, 
21, 
14, 
14, 
15, 
18, 
15, 
19, 
18, 
16, 
24, 
15, 
17, 
17, 
20, 
22, 
24, 
17, 
17, 
14, 
20, 
19, 
24, 
17, 
21, 
20, 
20, 
23, 
15, 
23, 
16, 
14, 
20, 
18, 
15, 
18, 
14, 
13, 
16, 
21, 
19, 
17, 
17, 
17, 
15, 
24, 
16, 
15, 
13, 
17, 
22, 
17, 
16, 
18, 
16, 
15, 
16, 
19, 
16, 
15, 
16, 
18, 
19, 
22, 
16, 
17, 
16, 
17, 
16, 
16, 
14, 
19, 
18, 
16, 
31, 
16, 
15, 
33, 
19, 
16, 
16, 
17, 
15, 
19, 
15, 
