114185, 
294667, 
114803, 
76127, 
126701, 
347848, 
148668, 
302943, 
411312, 
70935, 
661309, 
331487, 
81732, 
136476, 
47963, 
97562, 
321785, 
164464, 
513632, 
604333, 
306756, 
179803, 
336326, 
306773, 
213409, 
186507, 
271127, 
93635, 
281896, 
171069, 
170452, 
530440, 
58107, 
216290, 
135462, 
89800, 
543831, 
360912, 
316808, 
277922, 
152333, 
395532, 
302865, 
130339, 
196587, 
69532, 
356127, 
354526, 
249195, 
591990, 
297469, 
241488, 
188632, 
278876, 
526666, 
103746, 
295003, 
124797, 
150098, 
193344, 
326823, 
323961, 
210689, 
253942, 
39990, 
100329, 
131711, 
681360, 
279753, 
97796, 
276447, 
58369, 
245986, 
542579, 
363199, 
270211, 
146935, 
207700, 
168383, 
375913, 
146079, 
278643, 
304399, 
179694, 
294338, 
241143, 
140408, 
108791, 
416575, 
66311, 
177157, 
198614, 
335934, 
245561, 
280833, 
158107, 
573571, 
110718, 
180506, 
478970, 
