13642, 
5450, 
16175, 
7759, 
3678, 
9044, 
7131, 
5894, 
12232, 
29318, 
5616, 
9174, 
6748, 
5466, 
20930, 
5732, 
14196, 
4545, 
4992, 
6880, 
12188, 
10293, 
8013, 
10195, 
9199, 
5494, 
11904, 
12680, 
8050, 
9138, 
4508, 
10065, 
3011, 
6430, 
8395, 
16440, 
6616, 
6488, 
21464, 
15978, 
23812, 
8507, 
7538, 
4469, 
15843, 
6632, 
8075, 
7053, 
5155, 
8055, 
17285, 
5346, 
5208, 
4512, 
3573, 
8558, 
6657, 
6689, 
8566, 
13293, 
9408, 
14073, 
22353, 
9298, 
9314, 
3722, 
10055, 
7489, 
10699, 
11636, 
28518, 
7485, 
7344, 
3453, 
5321, 
8565, 
17639, 
