20, 
13, 
17, 
24, 
15, 
19, 
19, 
15, 
16, 
22, 
20, 
20, 
19, 
17, 
19, 
19, 
20, 
17, 
20, 
24, 
21, 
17, 
23, 
17, 
18, 
18, 
17, 
24, 
18, 
18, 
20, 
17, 
16, 
15, 
14, 
19, 
19, 
19, 
18, 
25, 
13, 
21, 
20, 
16, 
18, 
20, 
17, 
14, 
19, 
18, 
20, 
18, 
17, 
20, 
19, 
25, 
16, 
17, 
14, 
26, 
21, 
15, 
15, 
18, 
16, 
17, 
20, 
17, 
17, 
25, 
19, 
22, 
14, 
18, 
19, 
17, 
15, 
22, 
20, 
15, 
20, 
16, 
14, 
15, 
15, 
17, 
25, 
22, 
19, 
18, 
22, 
18, 
22, 
18, 
21, 
16, 
27, 
23, 
22, 
16, 
