21295, 
220099, 
24000, 
82677, 
290295, 
409064, 
557240, 
538312, 
286439, 
69897, 
358005, 
334373, 
448410, 
395329, 
243962, 
251705, 
369871, 
103300, 
395933, 
212058, 
98800, 
35044, 
58772, 
28341, 
344212, 
71853, 
97499, 
466016, 
191238, 
100855, 
75413, 
174054, 
914406, 
155407, 
453931, 
73498, 
54369, 
192422, 
79859, 
1221471, 
41628, 
83790, 
190402, 
405084, 
81495, 
73281, 
102316, 
359165, 
368939, 
517934, 
115995, 
429554, 
241462, 
1102576, 
760180, 
143600, 
118466, 
405602, 
119221, 
786500, 
778893, 
63580, 
34632, 
65385, 
952846, 
88927, 
368915, 
392934, 
437516, 
151742, 
44255, 
407665, 
144292, 
111136, 
65732, 
246435, 
92000, 
272169, 
97729, 
1053993, 
360219, 
275829, 
194877, 
179322, 
225930, 
31531, 
345810, 
396377, 
230339, 
89579, 
202488, 
171609, 
167928, 
81623, 
189216, 
553098, 
857189, 
53427, 
48413, 
35672, 
