939, 
601, 
1255, 
880, 
291, 
652, 
1071, 
628, 
678, 
1180, 
1105, 
1783, 
1307, 
1323, 
627, 
677, 
2196, 
1324, 
968, 
1069, 
535, 
897, 
351, 
339, 
1705, 
2180, 
826, 
303, 
3611, 
2000, 
1562, 
559, 
924, 
1040, 
512, 
826, 
302, 
267, 
1306, 
1014, 
761, 
623, 
2197, 
395, 
834, 
661, 
377, 
636, 
791, 
279, 
1172, 
1198, 
436, 
944, 
1713, 
691, 
579, 
1078, 
944, 
924, 
838, 
1514, 
3547, 
1316, 
479, 
2202, 
994, 
653, 
451, 
982, 
1073, 
543, 
542, 
3059, 
1410, 
898, 
1083, 
703, 
1191, 
694, 
1031, 
778, 
600, 
1107, 
2069, 
751, 
899, 
1032, 
712, 
1496, 
3102, 
879, 
577, 
2360, 
995, 
1149, 
270, 
1089, 
336, 
514, 
