226064, 
305209, 
152824, 
607795, 
337574, 
767429, 
368842, 
415577, 
339035, 
277554, 
87800, 
388693, 
247432, 
461365, 
384815, 
112997, 
179291, 
674479, 
108620, 
217291, 
1119381, 
443476, 
1470123, 
342671, 
809624, 
838887, 
210836, 
182194, 
74732, 
206083, 
133174, 
823156, 
780468, 
156429, 
182712, 
273947, 
299564, 
103942, 
161638, 
204290, 
139771, 
183087, 
151409, 
127240, 
656341, 
248224, 
155787, 
471460, 
372723, 
107423, 
283009, 
369119, 
1225083, 
254550, 
92547, 
425109, 
1102043, 
517136, 
74272, 
279296, 
272913, 
325677, 
170042, 
130760, 
184054, 
385196, 
1559723, 
117371, 
907346, 
574163, 
278392, 
151366, 
169972, 
151079, 
531381, 
236776, 
87968, 
78864, 
183851, 
566940, 
160582, 
343486, 
335402, 
237511, 
341279, 
253199, 
69503, 
35025, 
412120, 
311707, 
570606, 
707335, 
325625, 
711884, 
149066, 
732082, 
280012, 
400082, 
136226, 
270697, 
