929, 
1003, 
5951, 
3590, 
626, 
3072, 
3143, 
7698, 
3093, 
1703, 
1052, 
5296, 
1610, 
1658, 
5466, 
3406, 
209, 
4700, 
1076, 
7520, 
3240, 
140, 
2633, 
1130, 
3424, 
457, 
2339, 
2173, 
2984, 
3366, 
2791, 
1499, 
6255, 
2297, 
3215, 
718, 
502, 
171, 
494, 
3393, 
4506, 
6394, 
12468, 
2888, 
5865, 
419, 
504, 
99, 
2965, 
1883, 
793, 
6960, 
2835, 
8219, 
6146, 
1602, 
1647, 
6493, 
1243, 
5983, 
383, 
1026, 
3213, 
968, 
7641, 
574, 
3348, 
1492, 
1970, 
1626, 
5939, 
1977, 
4479, 
2119, 
1612, 
5422, 
1974, 
9359, 
12766, 
1407, 
6382, 
4459, 
3979, 
7372, 
2249, 
3946, 
3239, 
5358, 
6306, 
1687, 
2387, 
1403, 
1613, 
655, 
8381, 
5331, 
1703, 
1747, 
4164, 
10448, 
