151719, 
173967, 
188654, 
268123, 
299438, 
280576, 
117807, 
46693, 
94301, 
281893, 
152908, 
79285, 
165454, 
181797, 
264080, 
88315, 
79232, 
67949, 
98643, 
213962, 
127021, 
130963, 
107129, 
116648, 
223247, 
292487, 
81183, 
80826, 
42981, 
55890, 
148375, 
212288, 
83637, 
96440, 
147033, 
179733, 
194640, 
127385, 
344771, 
176778, 
157599, 
164070, 
72903, 
101907, 
71727, 
69494, 
73604, 
60608, 
73491, 
144602, 
201113, 
77867, 
76422, 
101104, 
97399, 
666628, 
154347, 
129946, 
146045, 
188047, 
112515, 
157468, 
183928, 
41000, 
154025, 
49657, 
38448, 
171560, 
71947, 
115744, 
243249, 
185297, 
87489, 
76896, 
64628, 
150531, 
152085, 
68743, 
146599, 
84267, 
122847, 
380101, 
94131, 
109456, 
167637, 
194302, 
131603, 
116057, 
137285, 
289638, 
113477, 
127215, 
102560, 
52227, 
39724, 
194687, 
78139, 
99801, 
97365, 
146058, 
