6525, 
22245, 
4841, 
4737, 
16355, 
14324, 
19243, 
5514, 
2425, 
2751, 
2256, 
7062, 
3887, 
3272, 
7777, 
7595, 
6627, 
4775, 
9520, 
3763, 
9989, 
12443, 
5102, 
3886, 
13467, 
8486, 
3909, 
2658, 
12566, 
11143, 
11656, 
27329, 
3078, 
3227, 
8929, 
12691, 
21350, 
6023, 
3170, 
3179, 
12384, 
10619, 
4707, 
3793, 
5388, 
3808, 
15712, 
12240, 
9521, 
4229, 
7291, 
8599, 
19994, 
13297, 
5340, 
4092, 
5241, 
8198, 
2933, 
9271, 
11099, 
5810, 
10309, 
15061, 
8092, 
5898, 
3779, 
2182, 
3761, 
5888, 
5386, 
3950, 
9726, 
2332, 
9253, 
3044, 
2438, 
6749, 
9832, 
22305, 
13029, 
5122, 
9095, 
9504, 
13918, 
13938, 
19120, 
8768, 
3013, 
5326, 
6416, 
3421, 
5780, 
5354, 
6916, 
11493, 
8950, 
7625, 
3334, 
6213, 
