10102, 
6501, 
29477, 
90768, 
67630, 
8631, 
50918, 
15316, 
3321, 
24182, 
30527, 
61617, 
39960, 
56917, 
16232, 
24732, 
36658, 
8766, 
21186, 
23421, 
52700, 
92827, 
11716, 
18153, 
4558, 
9763, 
2715, 
6285, 
12970, 
22344, 
24524, 
9450, 
43319, 
11288, 
27795, 
3750, 
33033, 
20974, 
14022, 
63911, 
16468, 
64343, 
42382, 
117659, 
41685, 
7353, 
8713, 
10799, 
20506, 
27100, 
24295, 
11781, 
17988, 
27258, 
20411, 
16972, 
4237, 
53471, 
8764, 
72284, 
21479, 
1769, 
28842, 
43011, 
30929, 
26710, 
9434, 
79214, 
31122, 
6048, 
59905, 
6680, 
25102, 
55304, 
43211, 
90556, 
64560, 
14884, 
26452, 
15740, 
15037, 
33447, 
9813, 
59133, 
24351, 
30760, 
38559, 
124553, 
7414, 
10177, 
20349, 
34840, 
92601, 
132177, 
36486, 
22351, 
9586, 
9194, 
12506, 
32172, 
