47118, 
198908, 
1066762, 
183598, 
159564, 
53322, 
83593, 
89148, 
51881, 
79955, 
72917, 
290146, 
59709, 
66447, 
58496, 
76893, 
41106, 
81917, 
55800, 
191596, 
48417, 
226802, 
232390, 
88637, 
177102, 
4767, 
316559, 
5734, 
158579, 
147706, 
467927, 
68483, 
46596, 
65305, 
38560, 
5420, 
319502, 
338462, 
25348, 
809267, 
80197, 
39039, 
43571, 
42864, 
515291, 
97989, 
173458, 
109766, 
270423, 
339097, 
222952, 
303796, 
133315, 
272849, 
247444, 
419889, 
373479, 
132653, 
73960, 
98948, 
46270, 
88224, 
57671, 
46698, 
155833, 
84309, 
191218, 
121963, 
65789, 
92540, 
29735, 
53901, 
432529, 
10559, 
74995, 
198896, 
62735, 
105314, 
59070, 
39311, 
69116, 
434773, 
389892, 
54414, 
113605, 
2772, 
74469, 
85193, 
1706710, 
192062, 
113218, 
13542, 
30610, 
169910, 
129639, 
33242, 
14004, 
419430, 
44708, 
292492, 
