1815, 
2048, 
2034, 
2055, 
3508, 
3040, 
1105, 
1615, 
2538, 
2296, 
1983, 
1593, 
1861, 
2205, 
3043, 
1682, 
5517, 
3365, 
3267, 
1361, 
1816, 
2143, 
2210, 
2730, 
2138, 
1515, 
1540, 
2941, 
1847, 
2494, 
3492, 
2019, 
4902, 
2066, 
1198, 
1500, 
2495, 
1150, 
2108, 
1383, 
1535, 
3575, 
1791, 
3569, 
1587, 
2906, 
2075, 
1751, 
2579, 
2812, 
1568, 
2746, 
2271, 
3231, 
3468, 
1470, 
3155, 
1765, 
3255, 
1559, 
2083, 
1681, 
2378, 
1897, 
2503, 
2312, 
2207, 
1638, 
1580, 
1851, 
2418, 
2230, 
2369, 
1998, 
1428, 
1393, 
1684, 
2323, 
3229, 
1491, 
2625, 
1336, 
1592, 
2055, 
1944, 
1774, 
1187, 
1137, 
2123, 
1476, 
930, 
3973, 
3882, 
3756, 
2264, 
1753, 
4074, 
2339, 
1956, 
2611, 
