656, 
1323, 
600, 
1057, 
497, 
522, 
630, 
902, 
573, 
1585, 
1424, 
564, 
756, 
4317, 
545, 
1612, 
855, 
742, 
1500, 
2609, 
1931, 
1794, 
2246, 
1006, 
1941, 
853, 
882, 
905, 
1223, 
2321, 
1406, 
993, 
707, 
413, 
1493, 
1255, 
1158, 
1135, 
523, 
809, 
554, 
684, 
1206, 
2185, 
3450, 
624, 
700, 
732, 
878, 
232, 
349, 
726, 
448, 
1505, 
1761, 
553, 
1486, 
886, 
897, 
900, 
2694, 
2133, 
1527, 
1955, 
1047, 
1509, 
653, 
737, 
1142, 
2566, 
707, 
543, 
607, 
668, 
1051, 
552, 
512, 
1026, 
270, 
1806, 
2309, 
1260, 
1498, 
3373, 
981, 
1818, 
989, 
526, 
171, 
823, 
1753, 
1424, 
1606, 
360, 
1977, 
762, 
968, 
994, 
1022, 
1999, 
