2519, 
974, 
1557, 
1551, 
1327, 
1276, 
1448, 
1902, 
5263, 
1779, 
2400, 
1465, 
1397, 
2514, 
2246, 
1197, 
4070, 
2684, 
1457, 
1579, 
2110, 
1072, 
1420, 
1436, 
2427, 
1484, 
1905, 
1848, 
2246, 
2520, 
1699, 
1671, 
2036, 
2187, 
1447, 
1090, 
1581, 
2005, 
1146, 
1562, 
974, 
1721, 
1343, 
1813, 
1101, 
1205, 
2451, 
1139, 
2041, 
2277, 
1667, 
1607, 
1534, 
1102, 
2001, 
1693, 
4103, 
1317, 
1556, 
2117, 
1181, 
1748, 
3704, 
3158, 
2259, 
2206, 
1414, 
2919, 
2408, 
964, 
3185, 
1362, 
2452, 
1189, 
1844, 
3064, 
2877, 
1850, 
1407, 
2831, 
1681, 
1616, 
1820, 
3518, 
1053, 
905, 
916, 
2125, 
1253, 
2582, 
2194, 
2487, 
1933, 
2325, 
1874, 
1484, 
2248, 
2210, 
2369, 
1473, 
