91605, 
43553, 
107055, 
100911, 
77767, 
62076, 
109658, 
50981, 
100245, 
25352, 
66869, 
28306, 
46700, 
41593, 
55911, 
30472, 
67376, 
32382, 
38739, 
65685, 
35871, 
68461, 
38637, 
74063, 
84935, 
51390, 
97525, 
83316, 
79944, 
56353, 
35577, 
37651, 
21227, 
34639, 
24938, 
43614, 
57503, 
57641, 
36692, 
87144, 
37502, 
44144, 
57541, 
78444, 
56866, 
46545, 
116482, 
54206, 
62928, 
36658, 
27385, 
131655, 
40108, 
17060, 
88473, 
19766, 
18398, 
59242, 
49039, 
66853, 
17289, 
85254, 
28341, 
27143, 
32867, 
75645, 
12393, 
39015, 
25342, 
84550, 
46143, 
32608, 
41656, 
34520, 
75634, 
36300, 
31842, 
9467, 
103911, 
21966, 
60296, 
48377, 
39772, 
43603, 
18997, 
16320, 
41089, 
70051, 
64422, 
94945, 
6992, 
122165, 
25158, 
21654, 
39064, 
61916, 
37614, 
52301, 
106058, 
50413, 
