93375, 
38403, 
88850, 
306253, 
99812, 
45315, 
180812, 
26244, 
75801, 
171309, 
117108, 
64072, 
218426, 
94161, 
41354, 
179753, 
149937, 
119498, 
263645, 
91763, 
108624, 
85866, 
106503, 
165126, 
190750, 
94600, 
42076, 
249563, 
200386, 
55806, 
74021, 
237358, 
71941, 
108096, 
170922, 
83655, 
172073, 
104175, 
147929, 
198606, 
194570, 
191110, 
34772, 
78421, 
56280, 
28019, 
66389, 
92253, 
193460, 
73532, 
188290, 
58659, 
44753, 
94634, 
199158, 
167017, 
108966, 
48021, 
155395, 
30558, 
84004, 
184836, 
64030, 
97515, 
118006, 
153247, 
134612, 
110004, 
77862, 
125788, 
107199, 
92213, 
211531, 
85753, 
155307, 
172364, 
55777, 
116423, 
36688, 
205898, 
377308, 
51923, 
29185, 
47515, 
100802, 
89839, 
124836, 
109598, 
94096, 
72347, 
61803, 
298919, 
148123, 
226377, 
81248, 
201196, 
74704, 
100057, 
93126, 
46428, 
