386, 
357, 
272, 
299, 
204, 
710, 
187, 
322, 
355, 
331, 
194, 
299, 
379, 
269, 
209, 
244, 
191, 
391, 
223, 
219, 
266, 
363, 
287, 
257, 
189, 
246, 
405, 
281, 
310, 
285, 
163, 
386, 
528, 
185, 
225, 
499, 
400, 
500, 
194, 
337, 
286, 
259, 
245, 
261, 
223, 
313, 
297, 
202, 
303, 
299, 
256, 
314, 
225, 
451, 
289, 
240, 
208, 
181, 
230, 
304, 
171, 
275, 
191, 
239, 
210, 
298, 
366, 
284, 
229, 
180, 
208, 
318, 
199, 
175, 
206, 
214, 
170, 
204, 
297, 
320, 
154, 
443, 
327, 
199, 
171, 
202, 
188, 
263, 
272, 
153, 
207, 
272, 
326, 
217, 
164, 
153, 
294, 
276, 
180, 
213, 
