726, 
1170, 
1105, 
1812, 
1365, 
901, 
1723, 
1109, 
2141, 
2021, 
1924, 
1466, 
1571, 
2028, 
2341, 
887, 
838, 
2268, 
1841, 
537, 
1315, 
2073, 
735, 
1993, 
1695, 
5075, 
1229, 
1115, 
1124, 
1509, 
1800, 
2454, 
1740, 
2420, 
942, 
897, 
2050, 
1483, 
1471, 
1260, 
2105, 
1225, 
1477, 
3264, 
2644, 
1247, 
1136, 
1213, 
722, 
2149, 
1953, 
2287, 
1724, 
2579, 
1166, 
1675, 
2121, 
792, 
1752, 
2312, 
1261, 
2042, 
1056, 
924, 
1430, 
1205, 
1850, 
2223, 
1150, 
1534, 
1203, 
3286, 
2037, 
1369, 
1460, 
738, 
2395, 
1895, 
1224, 
847, 
1805, 
1564, 
1537, 
896, 
757, 
2334, 
1482, 
1382, 
972, 
1322, 
1198, 
2576, 
1902, 
565, 
737, 
2037, 
1773, 
1366, 
1253, 
836, 
