216, 
211, 
405, 
439, 
161, 
210, 
215, 
280, 
177, 
209, 
301, 
214, 
337, 
211, 
154, 
139, 
328, 
449, 
431, 
328, 
335, 
265, 
194, 
208, 
197, 
350, 
307, 
257, 
194, 
222, 
359, 
142, 
162, 
216, 
213, 
200, 
236, 
293, 
225, 
166, 
199, 
139, 
164, 
212, 
306, 
232, 
127, 
129, 
210, 
338, 
271, 
202, 
112, 
205, 
189, 
311, 
240, 
252, 
185, 
180, 
152, 
182, 
303, 
181, 
565, 
182, 
226, 
180, 
249, 
205, 
243, 
240, 
169, 
262, 
348, 
205, 
185, 
295, 
342, 
224, 
157, 
319, 
350, 
327, 
120, 
181, 
217, 
227, 
222, 
281, 
242, 
139, 
282, 
260, 
273, 
281, 
275, 
231, 
262, 
215, 
