41897, 
43094, 
28432, 
53267, 
41899, 
44213, 
59934, 
64963, 
56998, 
40747, 
41716, 
27163, 
31015, 
25192, 
117850, 
41917, 
15882, 
47928, 
256444, 
53700, 
25663, 
25750, 
71724, 
26413, 
27620, 
29800, 
79349, 
99041, 
92704, 
16910, 
49635, 
85396, 
28260, 
61996, 
54542, 
21218, 
100720, 
19218, 
87996, 
17920, 
15958, 
22851, 
38791, 
80703, 
34722, 
45029, 
74948, 
21550, 
44641, 
55937, 
50002, 
26417, 
25584, 
22408, 
19077, 
76958, 
14966, 
41622, 
17109, 
39689, 
51906, 
24448, 
21735, 
19572, 
22393, 
49287, 
72454, 
30025, 
30479, 
14813, 
58755, 
32713, 
20647, 
36001, 
18575, 
57818, 
16990, 
27338, 
34555, 
43232, 
38611, 
13969, 
56847, 
21777, 
64530, 
36434, 
32553, 
44863, 
27636, 
123045, 
61905, 
41936, 
41142, 
32180, 
26156, 
107221, 
24573, 
17768, 
22553, 
46816, 
