3066954, 
1256119, 
772099, 
424275, 
484413, 
5554728, 
51429, 
1302769, 
2553591, 
1109926, 
2367237, 
476844, 
2932434, 
4408812, 
6534338, 
638666, 
2175106, 
1231645, 
3223272, 
629059, 
288996, 
1552201, 
2179870, 
156130, 
3592672, 
675555, 
754800, 
4185794, 
4797106, 
2221131, 
1074321, 
6081147, 
815719, 
65931, 
5231036, 
918159, 
1227053, 
237045, 
683403, 
2284633, 
3838354, 
251698, 
392807, 
122687, 
3078058, 
2385759, 
3445724, 
603825, 
297551, 
2955869, 
1262645, 
549371, 
3196931, 
242288, 
4976023, 
233775, 
1848704, 
2746599, 
3293441, 
2659336, 
5618600, 
327681, 
5536495, 
781617, 
1740742, 
1327832, 
5467796, 
687154, 
2397279, 
2470296, 
504237, 
2271514, 
947145, 
1197088, 
403521, 
1047590, 
975863, 
4022988, 
195728, 
2599812, 
295917, 
2392, 
3587707, 
1914072, 
1719649, 
1348306, 
50409, 
353057, 
6502849, 
1514818, 
2991750, 
7332074, 
2043355, 
667282, 
4722643, 
1967581, 
3212849, 
670115, 
1106745, 
1883420, 
