29, 
18, 
30, 
16, 
15, 
24, 
19, 
21, 
18, 
21, 
18, 
14, 
17, 
22, 
20, 
20, 
34, 
23, 
15, 
20, 
17, 
36, 
18, 
16, 
21, 
21, 
41, 
31, 
28, 
29, 
21, 
22, 
16, 
16, 
31, 
33, 
34, 
20, 
32, 
15, 
29, 
25, 
36, 
25, 
38, 
23, 
26, 
22, 
33, 
24, 
20, 
22, 
20, 
32, 
22, 
29, 
27, 
29, 
15, 
18, 
21, 
19, 
18, 
31, 
19, 
18, 
16, 
20, 
20, 
15, 
35, 
24, 
19, 
24, 
21, 
33, 
23, 
18, 
32, 
24, 
29, 
17, 
17, 
18, 
19, 
22, 
22, 
19, 
29, 
19, 
30, 
31, 
29, 
21, 
22, 
19, 
17, 
17, 
30, 
17, 
