9967, 
2078, 
1763, 
3370, 
3856, 
3614, 
3681, 
4795, 
8187, 
2960, 
3616, 
3900, 
1278, 
4874, 
2604, 
3415, 
3759, 
2413, 
7398, 
2780, 
7101, 
6395, 
4672, 
3414, 
2520, 
4470, 
4064, 
3597, 
4429, 
3930, 
3225, 
2631, 
5402, 
5003, 
1178, 
5878, 
3612, 
6995, 
1664, 
3394, 
4323, 
2490, 
3457, 
3127, 
3914, 
4486, 
3328, 
4925, 
3606, 
2656, 
2423, 
3865, 
5769, 
2716, 
8311, 
4012, 
2304, 
2677, 
4665, 
5792, 
4789, 
5069, 
5354, 
7245, 
2865, 
3316, 
2524, 
4390, 
9310, 
5676, 
5361, 
7144, 
4365, 
1714, 
5278, 
2235, 
3819, 
3726, 
1526, 
2762, 
1600, 
1147, 
3235, 
5108, 
2025, 
3458, 
6124, 
2903, 
4674, 
3138, 
1649, 
3774, 
2966, 
4382, 
3176, 
3593, 
4595, 
5053, 
2990, 
3476, 
