16136595, 
1605820, 
2112887, 
3596134, 
2900634, 
3183184, 
7035155, 
23989853, 
4321946, 
14314545, 
9086567, 
14402891, 
1288460, 
15512603, 
10832592, 
3715373, 
4153699, 
15530074, 
3244110, 
1748874, 
4438136, 
836427, 
9229610, 
460948, 
10758326, 
7196963, 
10104195, 
515355, 
2752836, 
2179179, 
1240861, 
14957327, 
10697383, 
2454460, 
10634654, 
7468803, 
3689611, 
820913, 
1548395, 
3905666, 
10394991, 
1641437, 
6272915, 
13711661, 
18100926, 
10497575, 
539334, 
8581620, 
19589495, 
10250173, 
3985073, 
5466254, 
1311146, 
8530861, 
162058, 
711281, 
600900, 
14594433, 
6687902, 
3908847, 
6862143, 
7733856, 
2263394, 
1728035, 
5580629, 
1080367, 
9144128, 
2797739, 
1958922, 
1213756, 
751917, 
13468480, 
12167434, 
2287175, 
5639651, 
11431226, 
2433040, 
34566932, 
12277480, 
7798536, 
2634118, 
7719108, 
6664759, 
635913, 
8711751, 
1418974, 
13325635, 
8117466, 
5962370, 
504311, 
4034008, 
2380578, 
4543951, 
622933, 
3807007, 
615658, 
11054080, 
13966650, 
3153715, 
1316546, 
