1291, 
750, 
1716, 
1482, 
1695, 
1062, 
1177, 
2340, 
1090, 
1302, 
2654, 
1523, 
1383, 
1195, 
1818, 
1226, 
1837, 
1737, 
2260, 
1857, 
2596, 
1747, 
3039, 
884, 
3553, 
1613, 
2543, 
2457, 
1494, 
2193, 
5096, 
1401, 
1921, 
1467, 
1837, 
3188, 
2860, 
1870, 
3913, 
1593, 
1425, 
1137, 
1322, 
866, 
3382, 
1755, 
1966, 
2548, 
1183, 
1676, 
1472, 
1288, 
3821, 
1670, 
1437, 
3321, 
2732, 
3679, 
1162, 
3640, 
1346, 
1479, 
1691, 
2839, 
1284, 
3407, 
1894, 
2517, 
1622, 
2647, 
1894, 
1280, 
2775, 
2693, 
2702, 
2117, 
1187, 
1108, 
2037, 
1224, 
1148, 
2082, 
3880, 
672, 
1119, 
1418, 
2147, 
1296, 
1461, 
1118, 
798, 
1119, 
2348, 
1659, 
1454, 
1593, 
1657, 
1575, 
1709, 
2954, 
