107508, 
45265, 
93453, 
112067, 
274325, 
56027, 
24783, 
100122, 
106580, 
70034, 
19931, 
39839, 
47807, 
65310, 
19379, 
44202, 
23344, 
150891, 
54684, 
208489, 
14910, 
15208, 
20303, 
21689, 
61522, 
107098, 
169188, 
171957, 
25540, 
98669, 
20801, 
7046, 
149964, 
83572, 
200495, 
43877, 
58342, 
116056, 
180269, 
131126, 
95133, 
76821, 
49304, 
229474, 
22553, 
53546, 
30793, 
45246, 
20299, 
198265, 
136524, 
67897, 
61071, 
118298, 
218345, 
65928, 
52643, 
53327, 
126103, 
42820, 
22387, 
17788, 
30874, 
33745, 
44896, 
93580, 
30229, 
10100, 
12873, 
16501, 
65737, 
26918, 
72619, 
57426, 
38294, 
14724, 
33013, 
51335, 
76560, 
90232, 
266984, 
49512, 
131131, 
91146, 
317693, 
15508, 
77435, 
53613, 
144782, 
120758, 
61547, 
18399, 
50896, 
77352, 
13246, 
37836, 
373616, 
20184, 
54676, 
82305, 
