515032, 
53114, 
177863, 
246822, 
386211, 
775097, 
408764, 
2575078, 
269090, 
958058, 
887035, 
1078926, 
1923735, 
90066, 
790389, 
1320739, 
81741, 
406504, 
588789, 
375350, 
1532989, 
625389, 
991828, 
963543, 
387823, 
1526696, 
194521, 
267040, 
387182, 
592993, 
882762, 
95126, 
548971, 
222760, 
119684, 
698021, 
24949, 
1236724, 
295092, 
1068378, 
474961, 
368606, 
668151, 
1649927, 
491951, 
238739, 
192068, 
694100, 
1456783, 
1679561, 
1958238, 
738587, 
164589, 
2798219, 
1752460, 
39273, 
2213521, 
122671, 
332611, 
1093893, 
251026, 
2324157, 
66125, 
270955, 
495205, 
73425, 
1609246, 
861550, 
292159, 
1209217, 
1530576, 
347574, 
487303, 
1805575, 
103548, 
1127036, 
79276, 
710326, 
2837801, 
1251959, 
790400, 
574653, 
290643, 
768416, 
1210709, 
84063, 
138267, 
139132, 
751112, 
797023, 
68259, 
329001, 
534954, 
176278, 
203039, 
1076398, 
255384, 
1180579, 
1128098, 
728460, 
