4013908, 
541337, 
6881174, 
7310397, 
75958, 
2921333, 
403580, 
379833, 
651485, 
910662, 
3879672, 
1363250, 
469218, 
1469338, 
1098227, 
5947767, 
1194164, 
8202586, 
3428442, 
4241131, 
894680, 
229556, 
1013066, 
4662008, 
5281654, 
2590612, 
9840761, 
3001848, 
5152544, 
992673, 
575693, 
3772837, 
1156893, 
1069678, 
3157217, 
10518970, 
142607, 
5388410, 
716669, 
2113620, 
10852122, 
5644798, 
564096, 
3460482, 
86236, 
3759323, 
4201635, 
616081, 
7951500, 
194416, 
976479, 
467736, 
814547, 
3123129, 
2076256, 
950852, 
6503896, 
189735, 
5029249, 
1162591, 
511612, 
40076, 
1614982, 
3637911, 
1158335, 
12564008, 
393882, 
1699681, 
1874503, 
3336765, 
284125, 
2589439, 
