1049, 
546, 
975, 
850, 
722, 
1180, 
865, 
458, 
742, 
589, 
1135, 
1378, 
532, 
1432, 
587, 
1395, 
692, 
868, 
376, 
505, 
260, 
715, 
1216, 
641, 
531, 
660, 
672, 
713, 
1177, 
440, 
434, 
992, 
544, 
1541, 
649, 
510, 
522, 
408, 
1059, 
1161, 
547, 
380, 
627, 
493, 
1689, 
507, 
1781, 
1224, 
619, 
328, 
331, 
533, 
817, 
594, 
463, 
543, 
558, 
988, 
324, 
672, 
1358, 
1469, 
1151, 
515, 
835, 
1596, 
659, 
1403, 
533, 
436, 
1770, 
1249, 
739, 
2058, 
924, 
407, 
709, 
968, 
341, 
986, 
748, 
625, 
558, 
691, 
571, 
1391, 
1018, 
1174, 
550, 
367, 
1322, 
1096, 
1108, 
319, 
347, 
436, 
660, 
441, 
652, 
1028, 
