321612, 
496541, 
843941, 
1080129, 
198445, 
528153, 
479794, 
736689, 
212355, 
1463752, 
1554717, 
993298, 
552000, 
1236516, 
1050544, 
1067721, 
969771, 
848025, 
900627, 
434981, 
1312746, 
595901, 
591786, 
2431607, 
647517, 
1956414, 
1451289, 
241479, 
1033565, 
1920561, 
161726, 
1298181, 
508906, 
2250984, 
392384, 
1398843, 
171393, 
133935, 
201830, 
1227458, 
903954, 
1015741, 
794002, 
517847, 
144533, 
224383, 
581827, 
382189, 
909312, 
266895, 
490049, 
757470, 
802671, 
1421221, 
1449747, 
895434, 
337257, 
738631, 
414941, 
956802, 
2020267, 
1150120, 
1968764, 
1352230, 
781023, 
393062, 
1348290, 
567854, 
627030, 
133719, 
111979, 
404996, 
1132766, 
1335451, 
1855385, 
4685315, 
431027, 
1158406, 
519435, 
271989, 
1899672, 
463755, 
744318, 
162805, 
1447852, 
335083, 
1200913, 
389767, 
2166393, 
573151, 
