2717, 
585, 
422, 
484, 
385, 
678, 
369, 
861, 
410, 
86, 
283, 
139, 
1072, 
1977, 
169, 
161, 
891, 
357, 
1018, 
921, 
578, 
488, 
152, 
460, 
815, 
454, 
1141, 
78, 
2342, 
216, 
635, 
354, 
697, 
206, 
892, 
2023, 
2539, 
774, 
1103, 
246, 
285, 
263, 
151, 
764, 
287, 
2546, 
109, 
794, 
967, 
1683, 
224, 
863, 
661, 
561, 
137, 
541, 
167, 
503, 
855, 
216, 
264, 
156, 
1088, 
305, 
348, 
850, 
274, 
907, 
579, 
818, 
3465, 
669, 
363, 
180, 
646, 
2017, 
573, 
307, 
313, 
226, 
153, 
1872, 
269, 
583, 
669, 
150, 
74, 
300, 
82, 
1820, 
922, 
387, 
181, 
649, 
42, 
651, 
490, 
453, 
319, 
45, 
