1251, 
897, 
882, 
418, 
1226, 
789, 
605, 
535, 
2303, 
632, 
1023, 
784, 
728, 
1506, 
292, 
879, 
445, 
469, 
861, 
1049, 
700, 
1807, 
777, 
1930, 
1105, 
1152, 
1738, 
2247, 
1490, 
1407, 
2337, 
764, 
466, 
916, 
1004, 
1031, 
1110, 
1484, 
1963, 
885, 
1342, 
1267, 
384, 
827, 
632, 
1069, 
836, 
1153, 
816, 
710, 
621, 
882, 
621, 
1292, 
1086, 
842, 
708, 
721, 
504, 
1094, 
717, 
691, 
1626, 
1960, 
1559, 
633, 
196, 
729, 
1189, 
1428, 
778, 
449, 
946, 
376, 
1279, 
1007, 
1241, 
829, 
1302, 
295, 
1308, 
959, 
422, 
629, 
494, 
627, 
2162, 
1582, 
295, 
902, 
2073, 
1130, 
943, 
898, 
673, 
679, 
1225, 
1817, 
673, 
802, 
