1001091, 
776868, 
43360, 
168560, 
1384783, 
802816, 
1158233, 
456994, 
7546, 
451665, 
247599, 
1623689, 
568846, 
265251, 
2120127, 
22957, 
391812, 
328578, 
83683, 
790656, 
859543, 
458961, 
304036, 
483506, 
85184, 
548971, 
282201, 
427466, 
1148615, 
857997, 
155244, 
266528, 
746515, 
598705, 
1223686, 
1074808, 
254149, 
576242, 
70787, 
169807, 
609647, 
211374, 
838852, 
299296, 
1003308, 
249580, 
369771, 
216910, 
358331, 
242891, 
673061, 
495388, 
27360, 
97697, 
1688643, 
108527, 
397833, 
276326, 
207211, 
624870, 
203024, 
335594, 
202391, 
101131, 
28495, 
34279, 
22131, 
214339, 
416772, 
645848, 
82532, 
138973, 
1065185, 
244288, 
277484, 
229497, 
262441, 
476161, 
93013, 
478980, 
1101939, 
41522, 
1838051, 
798223, 
61854, 
113192, 
43373, 
588163, 
732937, 
812574, 
125091, 
920602, 
164660, 
655355, 
12420, 
935245, 
926373, 
273503, 
464835, 
1044309, 
