17, 
17, 
17, 
14, 
13, 
14, 
15, 
17, 
17, 
13, 
21, 
19, 
22, 
14, 
14, 
15, 
25, 
17, 
16, 
13, 
26, 
15, 
17, 
12, 
18, 
13, 
18, 
11, 
16, 
13, 
19, 
18, 
14, 
11, 
11, 
13, 
14, 
12, 
15, 
18, 
13, 
13, 
15, 
21, 
12, 
13, 
14, 
21, 
12, 
13, 
11, 
15, 
14, 
13, 
14, 
17, 
19, 
14, 
17, 
16, 
16, 
17, 
15, 
14, 
10, 
18, 
14, 
17, 
21, 
13, 
15, 
16, 
13, 
12, 
27, 
16, 
13, 
15, 
12, 
15, 
13, 
12, 
16, 
17, 
12, 
15, 
17, 
22, 
18, 
16, 
18, 
15, 
14, 
20, 
21, 
17, 
15, 
15, 
15, 
22, 
