301, 
230, 
264, 
164, 
104, 
205, 
228, 
183, 
83, 
195, 
218, 
239, 
224, 
351, 
159, 
151, 
152, 
501, 
430, 
146, 
188, 
399, 
181, 
274, 
459, 
268, 
193, 
267, 
168, 
106, 
188, 
112, 
226, 
161, 
195, 
277, 
495, 
330, 
134, 
129, 
482, 
182, 
227, 
202, 
248, 
75, 
226, 
348, 
221, 
169, 
199, 
163, 
111, 
224, 
195, 
191, 
199, 
140, 
177, 
336, 
131, 
261, 
150, 
259, 
191, 
173, 
102, 
270, 
175, 
181, 
120, 
158, 
129, 
377, 
196, 
142, 
233, 
199, 
227, 
135, 
169, 
116, 
166, 
215, 
221, 
143, 
148, 
180, 
306, 
162, 
250, 
325, 
156, 
93, 
269, 
149, 
423, 
443, 
348, 
221, 
