2956, 
1907, 
5931, 
983, 
3800, 
6299, 
2586, 
7607, 
9937, 
1249, 
2320, 
6741, 
5221, 
1542, 
12211, 
23835, 
14301, 
1662, 
2864, 
29268, 
15195, 
11044, 
4760, 
1441, 
7278, 
4841, 
1194, 
3601, 
3066, 
2683, 
9098, 
1922, 
3814, 
1051, 
2849, 
2858, 
9745, 
2411, 
34500, 
1659, 
1264, 
13451, 
13195, 
7983, 
1786, 
11732, 
11138, 
4866, 
11274, 
6726, 
5475, 
27279, 
4687, 
2718, 
7177, 
10943, 
9799, 
6832, 
9271, 
793, 
19522, 
19475, 
2842, 
8582, 
5205, 
3670, 
6141, 
3939, 
983, 
6334, 
13153, 
11118, 
3463, 
9871, 
6603, 
10548, 
8942, 
7178, 
3370, 
8237, 
1320, 
2153, 
1714, 
12119, 
3519, 
14404, 
2170, 
1463, 
5907, 
12980, 
2339, 
22735, 
1859, 
5691, 
11364, 
10614, 
2386, 
2826, 
2254, 
16316, 
