242342, 
301327, 
445502, 
443896, 
410270, 
133859, 
65692, 
325338, 
113938, 
225472, 
144936, 
271824, 
303616, 
228388, 
118018, 
418823, 
303872, 
117488, 
141632, 
77737, 
63797, 
88839, 
109767, 
33470, 
479448, 
169493, 
356589, 
179125, 
515104, 
295405, 
336926, 
335127, 
465231, 
158639, 
116033, 
588400, 
163162, 
310849, 
133476, 
456948, 
154556, 
96591, 
171587, 
83083, 
117590, 
401279, 
188911, 
222388, 
166427, 
510508, 
494120, 
452049, 
286328, 
357459, 
59511, 
318528, 
137687, 
442343, 
269524, 
243448, 
431538, 
299278, 
172584, 
228615, 
212590, 
526018, 
367965, 
129070, 
514730, 
329803, 
70921, 
570136, 
503385, 
279617, 
277731, 
81594, 
175968, 
216420, 
293632, 
453522, 
468350, 
318227, 
259923, 
352623, 
101797, 
81703, 
183957, 
139746, 
94376, 
124772, 
111435, 
248568, 
696714, 
67611, 
374134, 
130513, 
587948, 
228739, 
294795, 
271757, 
