91090, 
71441, 
28804, 
56993, 
27598, 
69048, 
122388, 
40989, 
53615, 
68432, 
28127, 
33275, 
39355, 
56845, 
64676, 
99127, 
57005, 
114190, 
42212, 
149956, 
25630, 
27312, 
33202, 
47078, 
21166, 
148571, 
17601, 
40384, 
131392, 
37406, 
40664, 
36327, 
18666, 
107735, 
158977, 
89500, 
15417, 
59541, 
60924, 
48187, 
37246, 
58251, 
13512, 
19805, 
38455, 
67687, 
34659, 
98068, 
53060, 
110946, 
39806, 
76496, 
36843, 
49726, 
64899, 
71290, 
46687, 
23702, 
52893, 
19185, 
89490, 
52443, 
49516, 
67250, 
92573, 
103138, 
72516, 
87492, 
81619, 
41794, 
73766, 
55466, 
35112, 
72328, 
17998, 
117167, 
23804, 
39351, 
22311, 
66649, 
52138, 
30113, 
34436, 
122096, 
71723, 
113694, 
99283, 
38921, 
30908, 
18528, 
57532, 
37652, 
48612, 
46558, 
41517, 
27373, 
30106, 
59305, 
41392, 
74466, 
