1748, 
1943, 
1404, 
2031, 
1850, 
1318, 
1634, 
2190, 
1989, 
2374, 
2984, 
1804, 
1305, 
3572, 
1324, 
2107, 
1977, 
837, 
1523, 
1644, 
1526, 
1891, 
1704, 
1746, 
2599, 
1881, 
2263, 
2412, 
1054, 
1840, 
2137, 
1198, 
1475, 
2242, 
2748, 
2792, 
2268, 
2682, 
2375, 
1824, 
1527, 
1254, 
3670, 
1671, 
1978, 
1598, 
1253, 
1605, 
2219, 
1516, 
3087, 
911, 
1613, 
2154, 
1241, 
3293, 
1610, 
2061, 
3300, 
1911, 
2401, 
1970, 
2048, 
1035, 
2258, 
1407, 
2149, 
6521, 
1409, 
2159, 
1204, 
3165, 
1823, 
1810, 
2373, 
2236, 
1723, 
3635, 
2280, 
1659, 
1991, 
2419, 
1688, 
2251, 
1636, 
1236, 
1673, 
1561, 
1006, 
1492, 
4088, 
2749, 
1495, 
1252, 
2752, 
2978, 
1923, 
2154, 
3415, 
1697, 
