201574, 
23436, 
85022, 
73685, 
140841, 
257715, 
82581, 
55911, 
63185, 
198930, 
99703, 
128479, 
117672, 
24720, 
121867, 
122166, 
55122, 
179930, 
173129, 
103250, 
416425, 
127632, 
161653, 
64162, 
60913, 
193938, 
43695, 
311063, 
53512, 
270593, 
94512, 
94209, 
195250, 
54099, 
176208, 
57802, 
219343, 
94501, 
158615, 
199335, 
63415, 
153066, 
41861, 
105951, 
70799, 
151552, 
102575, 
225070, 
73774, 
43210, 
80097, 
128002, 
45589, 
119939, 
43911, 
21782, 
44659, 
102056, 
61567, 
80384, 
33772, 
119398, 
24484, 
187328, 
78736, 
74462, 
157249, 
250255, 
90687, 
51457, 
69048, 
25208, 
126440, 
190685, 
49658, 
94047, 
58148, 
196797, 
56237, 
148882, 
70222, 
68244, 
129509, 
70529, 
97446, 
127887, 
244301, 
98804, 
89548, 
247044, 
60404, 
36797, 
51287, 
65709, 
263659, 
73650, 
74304, 
73740, 
206184, 
68803, 
