1931, 
2399, 
6428, 
2550, 
4967, 
3188, 
4076, 
2665, 
2828, 
9075, 
3788, 
2725, 
2261, 
2963, 
1867, 
2843, 
3173, 
1942, 
8841, 
2041, 
1803, 
2953, 
2204, 
1732, 
3971, 
5004, 
3322, 
3075, 
5294, 
9742, 
3086, 
1902, 
4362, 
3558, 
2427, 
3095, 
2223, 
3937, 
2298, 
4159, 
3839, 
4339, 
1512, 
4461, 
2581, 
2040, 
1343, 
4568, 
6296, 
2791, 
1934, 
1743, 
2997, 
4193, 
2662, 
4503, 
8199, 
3734, 
3307, 
4421, 
2451, 
3231, 
1830, 
4512, 
5954, 
2119, 
2952, 
3501, 
4214, 
9151, 
5020, 
1853, 
1315, 
2954, 
7778, 
3811, 
2943, 
3571, 
971, 
2670, 
12196, 
1529, 
1427, 
4940, 
3676, 
4130, 
2484, 
2158, 
4087, 
1667, 
6142, 
2740, 
2808, 
2284, 
2257, 
3428, 
3301, 
5304, 
2406, 
3384, 
