9793, 
124435, 
50870, 
19284, 
590749, 
26324, 
36456, 
261243, 
174067, 
216393, 
263552, 
46639, 
20628, 
39747, 
254467, 
32554, 
47146, 
15638, 
193913, 
526226, 
686640, 
220682, 
180100, 
145576, 
76533, 
165153, 
381938, 
240575, 
240105, 
110964, 
406126, 
52094, 
262932, 
84118, 
98208, 
14940, 
45408, 
129997, 
145920, 
132412, 
337051, 
216475, 
428476, 
66739, 
171668, 
41097, 
335966, 
188133, 
117216, 
104585, 
91167, 
86188, 
147896, 
110185, 
141362, 
9893, 
138007, 
18319, 
5041, 
276187, 
148615, 
382739, 
49095, 
128000, 
139430, 
105232, 
32687, 
68238, 
6128, 
71744, 
79355, 
40718, 
405106, 
119115, 
54754, 
129296, 
106669, 
157399, 
777214, 
54585, 
18804, 
12049, 
38383, 
30162, 
82383, 
63262, 
223173, 
122951, 
341660, 
419036, 
73098, 
55111, 
73933, 
64452, 
27738, 
266483, 
204774, 
66052, 
107953, 
848901, 
