14, 
13, 
18, 
19, 
16, 
19, 
18, 
19, 
19, 
14, 
15, 
15, 
20, 
18, 
18, 
16, 
20, 
19, 
12, 
14, 
26, 
17, 
14, 
21, 
13, 
19, 
16, 
19, 
16, 
14, 
22, 
17, 
17, 
13, 
19, 
23, 
17, 
15, 
15, 
20, 
26, 
18, 
20, 
19, 
17, 
23, 
24, 
18, 
16, 
20, 
17, 
20, 
18, 
11, 
17, 
18, 
19, 
15, 
16, 
19, 
21, 
16, 
16, 
18, 
19, 
20, 
16, 
15, 
20, 
14, 
20, 
15, 
18, 
14, 
16, 
18, 
17, 
24, 
25, 
17, 
14, 
17, 
14, 
17, 
16, 
16, 
16, 
16, 
15, 
16, 
17, 
17, 
14, 
13, 
16, 
14, 
15, 
14, 
18, 
16, 
21, 
18, 
15, 
15, 
23, 
16, 
20, 
25, 
17, 
19, 
19, 
12, 
15, 
19, 
27, 
24, 
18, 
14, 
15, 
22, 
19, 
18, 
16, 
16, 
21, 
18, 
20, 
13, 
23, 
15, 
19, 
18, 
17, 
20, 
18, 
20, 
17, 
17, 
18, 
16, 
19, 
14, 
21, 
18, 
14, 
15, 
16, 
19, 
24, 
16, 
17, 
18, 
13, 
19, 
19, 
17, 
35, 
21, 
16, 
14, 
18, 
16, 
18, 
27, 
15, 
19, 
21, 
20, 
14, 
25, 
18, 
28, 
19, 
15, 
23, 
14, 
24, 
15, 
16, 
29, 
14, 
21, 
15, 
19, 
15, 
15, 
19, 
24, 
23, 
16, 
15, 
15, 
16, 
16, 
15, 
19, 
16, 
17, 
23, 
17, 
19, 
23, 
15, 
23, 
20, 
22, 
18, 
16, 
12, 
17, 
18, 
16, 
18, 
14, 
26, 
16, 
18, 
17, 
15, 
14, 
27, 
17, 
19, 
20, 
16, 
19, 
14, 
17, 
21, 
23, 
17, 
17, 
15, 
14, 
19, 
14, 
17, 
17, 
17, 
20, 
16, 
25, 
13, 
16, 
13, 
18, 
14, 
15, 
14, 
16, 
21, 
19, 
23, 
17, 
14, 
19, 
14, 
18, 
14, 
21, 
21, 
19, 
20, 
15, 
14, 
16, 
15, 
18, 
18, 
22, 
15, 
29, 
21, 
25, 
19, 
17, 
21, 
16, 
21, 
16, 
18, 
16, 
18, 
19, 
11, 
22, 
14, 
25, 
24, 
14, 
30, 
16, 
19, 
16, 
32, 
16, 
16, 
17, 
14, 
18, 
