901756, 
107961, 
4580055, 
2647828, 
1729787, 
46133, 
51105, 
2441141, 
2031160, 
398151, 
482382, 
686632, 
86382, 
256847, 
372683, 
3585986, 
4163287, 
64923, 
836907, 
87429, 
2128584, 
239263, 
449600, 
2236534, 
1771754, 
1637870, 
4128363, 
4041, 
1246182, 
1534810, 
941559, 
4219295, 
1865003, 
1899019, 
693396, 
3395719, 
1864330, 
561508, 
1111785, 
3319405, 
105276, 
1551712, 
78756, 
2634907, 
834421, 
1358666, 
1579739, 
189761, 
752394, 
4237792, 
528631, 
1823707, 
350832, 
1353549, 
351247, 
2324029, 
3281618, 
1173865, 
537992, 
2108567, 
1567550, 
347934, 
643994, 
279137, 
2527293, 
5454730, 
7591894, 
788906, 
2543920, 
550446, 
108344, 
1026955, 
1246558, 
907110, 
1366061, 
502202, 
259860, 
1205212, 
817517, 
689179, 
2408557, 
86889, 
1054642, 
1341807, 
944376, 
1293908, 
2872897, 
951149, 
471073, 
1829701, 
293334, 
1494568, 
1002244, 
1677425, 
39603, 
1201762, 
56229, 
1032022, 
458012, 
