1341, 
1704, 
1371, 
3441, 
1071, 
1848, 
1410, 
857, 
528, 
2831, 
1114, 
2222, 
799, 
703, 
2266, 
1802, 
1232, 
2587, 
1202, 
487, 
1806, 
1352, 
908, 
892, 
867, 
2739, 
1480, 
720, 
4021, 
1768, 
492, 
913, 
2010, 
1070, 
1145, 
4417, 
680, 
1399, 
703, 
1180, 
614, 
1797, 
677, 
1191, 
1201, 
515, 
621, 
923, 
1858, 
1123, 
2252, 
3031, 
1277, 
899, 
676, 
1448, 
1970, 
670, 
3498, 
743, 
744, 
2457, 
2096, 
962, 
875, 
784, 
769, 
1563, 
1365, 
2255, 
2002, 
2035, 
1422, 
528, 
1024, 
1514, 
897, 
1776, 
2392, 
2384, 
850, 
723, 
1235, 
1894, 
3180, 
1066, 
2252, 
2641, 
1289, 
1544, 
1743, 
3380, 
708, 
770, 
885, 
925, 
1398, 
1274, 
1615, 
1766, 
