80530, 
66990, 
102600, 
142105, 
154874, 
97054, 
106286, 
108109, 
101636, 
352878, 
676517, 
291209, 
210803, 
95920, 
185766, 
96917, 
162124, 
576846, 
335533, 
350789, 
964533, 
122727, 
379381, 
227718, 
297585, 
248398, 
459720, 
64496, 
241405, 
238779, 
75795, 
369974, 
94382, 
94758, 
105334, 
601286, 
88877, 
177223, 
139398, 
97975, 
193605, 
63898, 
148487, 
263258, 
167447, 
164508, 
120298, 
161514, 
52869, 
318450, 
86044, 
339280, 
69465, 
305146, 
41793, 
300618, 
85989, 
122120, 
307308, 
143337, 
454201, 
973292, 
134679, 
433106, 
103522, 
236505, 
54431, 
267108, 
82565, 
73800, 
112586, 
130616, 
484329, 
520170, 
66862, 
