22295, 
8317, 
22966, 
7160, 
26407, 
30097, 
16641, 
18010, 
14198, 
25292, 
17388, 
21670, 
2018, 
47845, 
26661, 
2760, 
25136, 
6633, 
106898, 
12791, 
4920, 
51212, 
71647, 
40815, 
7409, 
1802, 
1499, 
64678, 
20493, 
6092, 
11009, 
68547, 
38818, 
5059, 
5594, 
7916, 
8448, 
31090, 
10566, 
8617, 
14375, 
80589, 
34954, 
2876, 
3788, 
2991, 
70096, 
15204, 
43323, 
122967, 
8940, 
41285, 
4459, 
15973, 
8867, 
38128, 
112161, 
1810, 
6037, 
755, 
10926, 
76190, 
20422, 
2672, 
9669, 
2561, 
1967, 
9416, 
32168, 
6137, 
41058, 
30698, 
28102, 
11767, 
12451, 
65373, 
2233, 
31155, 
8968, 
10404, 
1848, 
21826, 
52726, 
14002, 
2635, 
14968, 
11845, 
49916, 
15036, 
16089, 
18242, 
44007, 
20180, 
33790, 
12266, 
30143, 
28727, 
14963, 
21349, 
20084, 
