204748, 
63692, 
516988, 
826804, 
2455163, 
471239, 
64648, 
95115, 
7476, 
381493, 
325484, 
124439, 
20239, 
33184, 
333429, 
1185856, 
90454, 
266401, 
97668, 
60007, 
241475, 
1408646, 
288390, 
123771, 
205771, 
48227, 
246199, 
493696, 
833382, 
386138, 
887935, 
265158, 
10685, 
115550, 
476319, 
1988975, 
34306, 
625471, 
71636, 
186288, 
923822, 
232667, 
377777, 
787895, 
645309, 
124799, 
1176717, 
1417494, 
241000, 
1111631, 
841542, 
868214, 
315145, 
1191370, 
399022, 
935613, 
149640, 
1469917, 
564034, 
895335, 
544685, 
167427, 
89265, 
1321441, 
493881, 
83639, 
588418, 
1915651, 
133053, 
1255339, 
62035, 
407260, 
221404, 
255558, 
154082, 
159855, 
811125, 
542313, 
294922, 
680896, 
51489, 
444254, 
285944, 
90155, 
230132, 
21417, 
892846, 
1178027, 
863394, 
884893, 
992087, 
93904, 
164149, 
285058, 
261819, 
129396, 
957737, 
934198, 
489235, 
43818, 
