176, 
274, 
131, 
103, 
182, 
252, 
196, 
299, 
215, 
118, 
105, 
190, 
148, 
115, 
125, 
221, 
117, 
202, 
170, 
147, 
171, 
246, 
99, 
224, 
108, 
76, 
93, 
102, 
142, 
317, 
233, 
384, 
77, 
187, 
99, 
200, 
107, 
243, 
71, 
292, 
182, 
113, 
190, 
236, 
139, 
196, 
414, 
106, 
157, 
143, 
163, 
100, 
97, 
278, 
117, 
167, 
84, 
98, 
143, 
114, 
238, 
105, 
293, 
202, 
119, 
152, 
203, 
235, 
154, 
96, 
95, 
152, 
100, 
66, 
292, 
172, 
151, 
461, 
72, 
155, 
158, 
169, 
209, 
185, 
171, 
221, 
143, 
75, 
359, 
222, 
127, 
99, 
270, 
188, 
98, 
391, 
130, 
249, 
71, 
220, 
