2314, 
2046, 
4735, 
3025, 
2576, 
3335, 
483, 
2071, 
865, 
654, 
1195, 
1321, 
3507, 
1056, 
1764, 
898, 
849, 
1054, 
2571, 
3017, 
1064, 
1809, 
4929, 
1815, 
1642, 
2708, 
1874, 
1427, 
4093, 
3315, 
653, 
1795, 
1108, 
551, 
1384, 
2753, 
1136, 
3238, 
2939, 
529, 
1539, 
2199, 
8913, 
1299, 
384, 
1739, 
476, 
3060, 
1048, 
3250, 
1184, 
1234, 
4198, 
10522, 
1930, 
929, 
4012, 
515, 
3937, 
1862, 
7557, 
872, 
6850, 
6328, 
265, 
1674, 
5333, 
1409, 
1132, 
1175, 
1639, 
1147, 
991, 
4151, 
924, 
5238, 
3524, 
2746, 
836, 
1318, 
1015, 
2840, 
1029, 
3775, 
5017, 
855, 
2704, 
768, 
1270, 
1833, 
1410, 
6466, 
3623, 
3127, 
1165, 
3119, 
1073, 
3415, 
788, 
571, 
