722, 
125, 
108, 
151, 
287, 
529, 
372, 
828, 
369, 
241, 
1337, 
428, 
456, 
1190, 
466, 
1737, 
313, 
1944, 
1046, 
81, 
621, 
211, 
823, 
381, 
1188, 
330, 
255, 
245, 
490, 
293, 
321, 
1362, 
494, 
1009, 
206, 
1695, 
1433, 
799, 
636, 
222, 
958, 
399, 
591, 
377, 
333, 
173, 
468, 
168, 
233, 
686, 
425, 
843, 
357, 
701, 
634, 
220, 
833, 
636, 
236, 
94, 
330, 
153, 
456, 
568, 
1170, 
747, 
627, 
546, 
357, 
704, 
132, 
887, 
49, 
69, 
532, 
153, 
301, 
408, 
161, 
1018, 
650, 
48, 
262, 
105, 
597, 
225, 
353, 
635, 
648, 
264, 
523, 
619, 
655, 
58, 
368, 
292, 
168, 
354, 
431, 
822, 
