42, 
152, 
99, 
118, 
66, 
46, 
75, 
35, 
464, 
65, 
48, 
108, 
287, 
45, 
107, 
118, 
117, 
184, 
29, 
128, 
46, 
58, 
40, 
115, 
135, 
252, 
107, 
26, 
69, 
120, 
70, 
47, 
43, 
31, 
174, 
55, 
170, 
169, 
236, 
36, 
308, 
79, 
111, 
24, 
58, 
42, 
151, 
105, 
80, 
45, 
326, 
81, 
34, 
317, 
172, 
50, 
53, 
60, 
76, 
47, 
720, 
55, 
156, 
101, 
60, 
45, 
110, 
258, 
142, 
114, 
50, 
210, 
84, 
29, 
73, 
164, 
85, 
27, 
53, 
43, 
209, 
188, 
60, 
208, 
57, 
64, 
61, 
190, 
93, 
37, 
354, 
138, 
101, 
74, 
81, 
136, 
153, 
76, 
19, 
123, 
